纵 5685 
扫 5664 
斑 5631 5632 
扁 5630 
颜 5620 
颠 5577 
邀 5569 
姿 5564 
俯 5557 
仰 5553 
讶 5511 
枉 5502 5503 
矫 5502 5503 
V 5479 
枚 5469 5470 
厘 5463 
洲 5433 
竭 5432 
w 5431 
硕 5421 
窗 5629 
歇 5407 
肘 5402 
襟 5402 
捉 5402 
稿 5390 
瑕 5377 
楚 5357 
翘 5357 5568 
刷 5353 5354 
册 5350 5351 
贡 5332 5333 
肌 5311 
狂 5275 
F 5274 
朗 5271 5272 
黎 5269 
绿 5260 5261 5262 
奈 5257 5656 
蹴 5250 
桔 5210 
涡 5203 
岛 5202 
碗 5201 
呼 5200 
粉 5197 
碧 5182 
鸽 5181 
央 5166 
序 5165 
滤 5159 
袖 5158 
灰 5149 5177 5179 5180 5183 5184 
巾 5147 
腰 5145 
拾 5122 
嵌 5109 5110 
玻 5107 5108 
哥 5103 5104 5361 5362 
块 5093 5632 5648 
哈 5082 5083 5496 
莱 5082 5412 
烁 5071 5072 
闪 5071 5072 5313 
锐 5038 
弦 5030 5031 5032 
韦 5024 
香 5023 
拒 5019 
津 5015 5016 
淹 4986 
覆 5619 
糟 4961 4962 
搜 4948 
虑 4946 
吻 4944 
套 4932 
玫 4891 4892 
萨 4887 
错 4867 5012 
悄 4838 5493 
挪 4836 
尝 4831 
铸 4825 
血 4815 
械 4813 
B 4808 
W 4807 
宽 4802 5439 
k 4798 
览 4770 
躬 4767 
d 4756 
佳 4744 5422 
帕 4739 
z 4695 
警 4689 4915 4916 
颅 4682 
紫 4670 4671 5131 5151 5152 
怪 4668 
b 4659 
霍 4656 5254 
p 4651 
敢 4612 
裙 4609 4616 
辨 4608 4907 
菲 4590 
琴 5029 
委 4589 5653 
揍 4588 4594 
妻 4587 4618 
嗅 4568 
兰 4556 4557 4869 
荷 4556 4557 5297 5329 
虞 4552 
挥 4536 4585 
惑 4510 4511 
诱 4510 4511 
桓 4503 
盘 4503 
惜 4497 4498 
乞 4496 
宝 4490 
瑰 4490 4891 4892 
赖 4487 4832 4833 5530 
盎 4485 
g 4478 
P 4477 
玛 4475 
y 4468 
l 4465 
诺 4463 4739 4740 5026 5027 5614 
驰 4461 
预 4459 
昂 4457 4458 
飘 4445 
羡 4444 
夸 4439 
绕 4433 4434 
甜 4432 5298 
穆 4428 
额 4425 4426 
蔑 4414 
瞥 4410 
蟒 4400 
泻 4392 
煦 4390 
炙 4386 4522 
肢 4382 
裹 4372 
伟 4367 5405 
睹 4364 4647 
雕 4361 4707 
抖 4349 
悟 4344 5638 
弗 5271 5272 5477 
褒 4343 
衷 4332 
迷 4322 4513 4736 
付 4321 
赐 4320 
宠 4318 
叹 4316 4317 
畅 4310 
舒 4310 5646 5662 
抵 4293 4509 4858 
沮 4277 
移 4249 4250 4846 
喻 4245 
牵 4235 
尼 4225 4692 4693 4694 5458 
. 4206 
} 4205 
歪 4187 
痕 4168 
N 4150 
C 4149 
卢 4143 
埃 4139 4140 
框 4130 4136 4221 5507 5508 
伯 4084 4842 4869 
避 4078 4601 4706 
诘 4058 
宅 4034 
s 4021 
' 4020 
a 4018 
n 4017 
o 4015 
S 4012 
塞 4643 5025 
狠 4588 4593 4595 
爵 4009 
翰 4007 4841 5218 
扎 4005 5317 
迄 3992 3993 
嘲 3973 
贝 3972 
廷 3971 4984 
籍 5609 
析 3950 4799 
距 3948 
撇 3943 
庙 3928 
腊 3926 3927 
瓦 5222 5272 
鞋 3925 4586 
尔 3899 3901 3915 3916 3917 3972 4111 4219 4229 4230 4231 4300 4301 4302 4328 4631 4656 4755 5227 5228 5327 5458 5478 5497 
澄 3887 3933 
m 4024 
笼 3879 
叩 3877 
滑 3868 5312 
绩 3861 3991 
〕 3853 
〔 3852 
席 3851 4287 4288 5225 
柏 3846 4356 4711 4712 
返 3835 4501 
渺 3829 
洛 3826 3827 5597 5598 
架 3823 4130 4160 5476 
吵 3823 
猫 3822 
莫 3807 4073 4074 4268 5586 5587 5656 
墙 4760 5538 5539 
镇 3775 
芙 3774 3775 
泄 3772 
护 3770 3771 4092 
剂 3762 
冰 3746 3747 
G 5255 
浓 3743 
谅 3737 
溪 3716 
希 3707 3926 3927 5333 
涨 3704 
兆 3703 
肥 3699 
喧 4575 
油 3697 3924 5310 
醉 3695 4322 
蓝 5150 5179 5180 
辱 3686 
耻 3686 
躯 3678 3680 
磨 3677 
柯 5226 
M 4022 
糙 3668 
谧 5641 
枯 3667 3733 
脑 3655 
速 3638 
渎 3636 
亵 3636 
苍 3623 
裂 3622 5374 
割 3622 
溶 3620 
授 3850 5017 5018 
烟 3607 3608 
熟 4060 4954 
食 3605 
润 3588 3589 4167 
阔 3574 5439 
垂 3568 5446 
漩 5203 
假 3564 3565 3566 3886 3941 5616 
杀 3559 
凶 3558 
幌 3556 
摊 3553 
饱 3502 4431 
温 3502 4300 4390 5014 
课 3501 
黛 4462 
泛 3475 3867 
夺 3465 5141 
旁 3460 
臾 3451 
耽 3431 
餐 3421 3693 4208 
胡 3404 
像 3403 4046 4138 4361 4780 4943 4964 5140 
寂 3397 
坐 3391 
挤 3386 
矿 3373 
诉 3370 
秀 3365 3366 
采 3357 4225 4451 4524 4737 
亿 3341 3342 3356 
缩 3321 
蓬 3312 3313 
络 3310 3311 4385 
算 3304 3305 3306 3307 5356 
捧 3294 
插 3290 4860 
丑 3289 
枝 4201 
鼻 3287 3288 4420 
粗 3283 4577 
辗 3265 
森 3256 
唇 3255 4416 
恒 3249 4369 
土 3231 
侵 3230 
旨 3214 3215 3216 4256 4291 4292 4363 4857 
署 3208 
抬 896 1031 
瘠 2938 
拢 5494 
忙 2142 3535 
足 273 487 1011 2624 2625 3023 3895 3896 4404 4551 5455 5456 5499 
迟 886 
范 876 1909 1913 2002 2008 3258 3412 4355 4931 
毋 3549 3550 4284 
浸 2757 4305 
敦 869 5411 
⑤ 867 
争 856 1278 1685 1686 1699 1714 1715 2098 2346 2863 2882 2892 2905 3000 3169 3170 3173 3337 3465 3544 3881 
珍 2809 
酷 855 
怎 221 898 3407 4479 4530 4531 5036 
钓 3568 
听 1865 2187 2747 4567 
２ 2077 
乱 631 1061 
把 265 785 1238 2368 4614 
宜 852 1854 2275 5498 
口 851 2261 5629 
遭 2774 3413 
述 849 866 1085 1119 3007 3949 4559 
x 4758 
坦 1529 1530 1531 4630 5326 
转 849 930 969 993 994 1759 2127 2808 3265 3824 4261 
板 810 2279 2280 2554 3554 5565 5566 
项 845 846 1036 
长 842 862 1040 1041 1554 2024 2099 2335 2402 2441 2485 2885 4669 5529 
密 838 839 1462 1491 5649 
型 371 718 900 1255 2127 2707 3824 4259 4355 
④ 833 
弱 812 911 1346 4947 
协 1043 1420 3204 
呆 810 
步 792 793 1809 1915 3197 4952 4953 5128 5162 5623 
材 848 1632 5113 
第 791 792 2076 3247 3251 3252 4527 4721 5391 5471 5506 5531 5548 
校 2058 
正 60 358 380 566 1673 1925 2215 2426 2731 2800 2801 2802 2860 3043 3575 3642 4192 4374 4626 4666 4992 5039 5040 5044 5156 5503 
逢 630 
品 777 878 1178 1551 1785 2236 2265 2377 2705 2809 2817 2819 3013 3760 3768 3838 3864 3959 4031 4101 4123 4124 4212 4213 4999 5340 5354 5485 
０ 2075 
皆 768 4107 
它 386 3957 5416 
马 764 818 819 820 1820 1880 2393 2394 2424 2672 2673 3491 3492 3493 4580 4581 4755 4782 5240 
应 800 1338 1370 1751 1958 2011 2196 3454 3462 3830 4066 4224 4617 4942 5200 5610 5644 
托 805 1833 5114 5290 5397 5540 
声 749 779 780 1014 1015 1032 1033 1514 1829 2235 3319 3320 3379 4232 
尘 4353 
推 747 983 1017 1023 1451 2664 2665 4963 
衬 52 250 251 805 844 2010 5290 5540 
临 1060 2259 4472 5337 5563 
念 741 742 1332 3415 
巨 167 168 3375 4400 5415 5423 5462 
喃 1883 1884 
谕 2420 2754 
夜 832 3354 3355 
测 734 983 
召 3223 5393 5394 
留 733 1485 1711 4043 4466 4500 4501 
连 719 720 1349 1446 1447 4500 4501 
摄 717 2290 4523 4848 
颁 3051 3052 
直 714 1772 2243 2251 2252 4422 4423 4974 5266 5446 
民 2197 2854 2855 2918 2919 2920 2924 2977 3018 3096 3212 3213 3657 
通 713 1828 2534 2792 2806 4190 4876 5395 
毕 1105 1106 5457 
抽 3600 3601 
根 703 944 945 1713 1995 5284 5294 5316 
辉 1074 1075 1270 
觅 806 
迹 725 738 4168 4197 4448 
险 1777 3038 
式 702 883 1053 1403 3052 3053 3108 4247 4931 5104 5603 5604 
舍 696 5301 
侧 690 1330 4675 4700 
雅 885 1557 3536 4806 
痒 3820 
辩 2863 4716 4717 4718 
阶 3168 3169 3510 3511 
叙 683 1085 1104 3978 
隔 1967 
括 666 
陪 52 
午 2230 
版 22 2045 2047 2048 2090 4748 
弓 4396 
变 665 884 2132 2306 2701 2702 3817 3963 4041 4262 4876 5102 5448 5525 
控 657 
而 114 286 463 543 580 740 930 1177 1483 1749 1907 1945 1982 2012 3183 3512 3593 3921 4050 4051 4056 4093 4179 4180 4193 4245 4246 4442 4715 5041 5042 5250 5514 
切 838 839 2600 3277 3278 3280 3805 4000 4127 4851 5021 5022 5320 5321 5322 5323 5488 
仁 648 1918 2381 
荡 1529 1530 1531 1532 5075 5076 
找 646 1983 
幽 2550 
企 641 882 
繁 3164 3267 3535 
早 2569 4294 4481 4719 
谋 632 1039 1226 1234 1483 3399 
震 5466 
取 628 696 1325 1740 1990 2026 2027 3000 3001 3363 3364 4333 4451 5544 5550 5669 
环 625 1446 1447 4433 4434 
影 1717 1796 2184 2570 2590 2591 3329 3760 4523 4848 5081 
趋 2362 3883 4926 5164 5224 
僭 614 
评 608 878 2085 2340 2341 2363 2481 4810 
克 3491 3492 3493 4300 4301 4302 5220 5221 5597 5598 
天 607 1425 1812 1827 2151 2166 2167 2464 2465 2474 2588 2986 3149 3539 3546 3592 3825 4097 4387 4388 5136 
安 606 2107 2546 3854 3855 4219 4691 4692 4693 5246 5247 5593 5594 5595 5640 5641 
却 621 1399 2936 
艘 3020 
雏 602 
习 4072 4195 4904 4905 5371 
壁 1436 1437 3187 
台 2214 2225 2411 2635 3343 3344 5263 5281 
凤 601 
戏 596 597 1574 2185 2280 2412 3286 3538 
{ 4204 
迂 892 
图 658 877 1291 1870 4203 4686 4687 4712 4713 4745 4780 4797 4860 4890 4973 5125 5482 5690 
瓶 5286 
着 80 227 397 489 512 1080 1879 2342 2704 3193 3576 3591 4394 4434 4540 4541 4542 4764 5145 
纯 387 1268 3563 3878 
完 336 383 636 1127 2500 2925 3239 
怆 1117 2953 
另 1555 1860 2893 2894 
富 595 1113 1245 3373 3590 3701 
总 1378 1379 1903 2012 2347 2348 3233 3423 3430 4236 
获 1665 4333 
贞 588 949 
显 584 1716 2131 3893 4283 4762 4812 5041 5042 5689 
竞 1685 1686 3044 3057 
沿 4129 
遗 577 5058 5373 
号 4 28 3584 
丧 565 2371 4277 
罗 712 726 2393 2394 2424 4359 4360 4755 5024 5221 5417 
拥 558 3386 3673 3764 4436 
置 1910 3158 3162 3468 3847 
就 197 1266 2900 2989 2990 4939 5250 
凝 811 1878 1879 
往 1496 3090 3269 3372 5549 5591 
剔 2263 
损 557 1896 2691 
同 111 276 398 541 542 543 578 617 619 624 627 737 1014 1015 1620 1981 2381 2574 3056 3358 3359 3360 3518 3734 3869 3870 3871 4185 4645 5118 5215 5408 5409 5514 5515 5571 
非 555 556 740 1001 1059 1474 1582 1624 2634 2786 2897 2980 2981 3199 3547 3548 4646 4715 5098 5408 5409 5522 5676 
重 180 181 277 331 474 575 690 695 958 959 966 1023 1126 1228 1248 1630 1667 1960 2307 2560 2561 2704 3800 3895 3897 3910 3977 5059 5355 5404 
试 877 915 1385 1625 1627 
语 543 757 828 1884 1885 4753 
抱 840 4436 
睿 503 
朽 2826 
般 594 868 3512 4966 
悯 535 1952 
魏 1693 
止 1763 1764 2751 2901 3783 3993 3994 4990 5658 5659 5660 
亲 526 576 1871 4606 4647 4732 4767 5337 
程 73 339 340 1146 2505 2506 3242 5681 
吧 4228 5279 5281 
决 523 1823 1859 2980 2981 3045 3070 3282 3425 4726 4727 
梵 3923 
矛 1415 
摸 1882 
纠 519 
气 510 511 888 890 1118 1221 1222 1294 1295 1586 1596 1597 3387 4081 4389 4484 5425 
牺 1083 
队 2406 2407 
倍 2232 2233 4871 
随 80 2209 2890 3182 4790 5345 5346 
膝 841 
维 175 3946 4139 4140 4357 4888 5473 5626 5627 5628 
点 501 589 704 1372 2227 2228 2229 2477 2481 2551 2653 2867 3074 3075 5572 5661 
杰 499 4121 4125 4348 
俊 499 843 
入 515 530 569 693 743 907 908 1204 1339 1417 1427 1705 1915 2029 2030 4615 5175 5176 
详 1049 4759 
签 3205 3208 
怀 497 1528 1529 1770 3019 
商 2619 2684 3587 3588 
到 494 507 646 1191 1272 1494 1873 2614 2774 2827 2916 3302 3362 3409 3644 3651 4801 4916 5127 5266 5452 5480 5517 5580 5638 
担 3690 
这 64 165 237 443 637 677 1036 1251 1888 2171 2255 3570 3571 4303 4662 
画 490 1830 2186 2618 3726 3924 4163 4560 4564 4574 4648 4649 4653 4654 4665 4748 4964 4965 5079 5086 5110 5244 5289 5367 5490 5491 5566 
襄 2055 
（ 410 
刻 490 1318 1633 1815 4826 4859 4873 
污 589 
帅 485 
段 482 1078 2171 3510 3511 5057 
兴 2107 3536 3572 3573 3706 5500 5575 5576 5666 
瞻 2780 
曹 475 478 2812 
时 159 668 728 737 814 938 993 1098 1242 1564 1565 1614 1762 1763 1888 1889 1972 2144 2152 2172 2231 2502 2503 2527 2528 2540 2696 2698 2815 2922 2933 3082 3359 3360 3361 3416 3479 4276 4634 4645 4705 4955 5385 5495 
础 1808 
划 1318 2122 2123 3456 3457 
行 705 727 902 903 1926 2162 2633 3026 3752 3753 3754 3863 4495 4496 4633 4634 4679 4680 4763 5118 5209 5551 
醒 3151 5212 
袭 472 
备 470 626 1339 1990 3394 
刘 470 559 1339 
爽 1282 4874 
曾 468 817 1696 3398 
小 467 537 538 1376 1601 1602 2025 2152 2231 2236 2734 2792 2853 2854 2885 2955 3165 3321 3714 3716 3829 4112 4141 4154 4155 4156 4176 4177 4655 5052 5053 5409 5410 5657 
给 204 732 2597 2667 3441 4321 
挑 1296 2260 2263 3689 4118 
至 460 524 714 831 976 1899 2128 2161 3976 3977 4151 4326 4345 5055 5061 5454 
后 124 514 711 971 1412 1479 1563 1576 1679 1749 1776 1837 2775 3068 3182 3813 4730 5194 5621 5622 
骥 1010 
尬 531 4555 
毫 457 458 2399 4438 5651 
劲 4584 
强 254 333 598 1905 2277 2295 2296 2444 2982 3778 4885 
秋 457 458 
察 456 457 504 5116 
堂 2798 2799 2800 2801 3593 5105 
幄 452 453 
建 192 193 1560 1561 1707 1997 2355 4026 4214 
挖 484 1810 
指 434 435 2428 3100 3630 3635 4872 5258 
易 269 582 3424 5042 5043 5099 5102 5589 5590 
运 451 452 590 591 993 994 1567 3060 3061 4752 5209 
樊 473 
屋 2955 
臂 447 448 
貌 670 671 4186 
哨 3404 
新 695 1195 2360 2361 2825 3810 3811 4989 
耀 1876 
泰 5596 
碰 445 
批 2340 2341 
铺 683 1569 
晚 311 2226 2227 2241 2242 2928 5256 
敬 2387 4455 5344 
风 441 442 837 876 888 889 890 1188 2067 2336 2471 2740 2741 2769 2770 2771 4737 5324 5637 
政 438 986 1289 2602 3476 3631 3795 
边 918 1576 2272 3460 4129 4220 4222 4541 4542 4543 5507 5523 
布 437 4100 4750 5327 5332 5333 5334 5406 
车 3388 3389 3809 
发 127 128 129 572 1148 1698 1714 2212 2378 2542 2607 2749 2750 2825 3073 3074 3075 3139 3152 3303 3313 3314 3497 3662 3671 4158 4536 4602 4603 5001 5002 5003 5602 5603 5604 
句 429 2475 2681 
兹 5655 
胜 426 1728 1729 3045 3861 4413 5342 5468 5469 
遇 422 3349 
盛 414 4374 5359 5360 
些 443 1174 1185 1186 2461 2549 3740 
） 412 
译 2073 
聚 409 5155 
才 408 418 485 987 1003 4479 5426 
汉 774 
亏 2595 2596 2642 
层 399 1256 1428 1429 1570 3097 3519 3788 3789 3801 3802 
博 1312 4010 4011 4145 
攻 1094 1466 1778 
集 392 439 1891 1892 3036 3037 5649 
宏 5400 5405 
杂 389 2593 3267 3268 
意 489 1162 1294 1295 1485 1633 1638 1704 1812 1836 2169 2548 2759 3160 3522 3940 4027 4064 4065 4233 4243 4256 4279 4290 4298 4571 4764 4817 4850 4873 4882 4890 4897 4941 4982 4989 5291 5292 5344 5578 
东 774 1189 1443 1444 1448 2067 2221 2430 2452 2764 2765 4691 4692 4693 4722 
偏 575 992 1169 3611 4104 4708 5198 
纳 382 1427 4604 5524 
团 439 1662 1663 2431 2589 
晰 1832 2349 
死 313 1650 1822 3234 3695 
化 799 1302 1303 1766 1813 2018 2028 2130 2132 2181 2311 2336 2808 2878 2898 2985 3190 3437 3472 3476 3513 3514 3580 3581 3599 3601 3615 3641 3650 3654 3731 3758 3763 3777 3790 3867 3880 3885 4728 4747 4885 5188 
又 307 5687 
收 3569 4212 4778 5413 
年 1082 1099 2053 2121 2193 2194 2195 2415 2805 4373 4481 4505 4506 4520 4924 5242 
境 370 533 625 1606 
权 1342 1937 2971 3543 4603 4818 4819 5498 
最 369 610 672 1374 3206 3408 3910 4533 4544 4730 4744 4961 
暴 904 
伦 860 951 4085 5361 5362 5363 5411 5613 
俗 713 2700 2792 2795 2806 2807 2856 2870 2871 3580 3581 
帜 3224 
舌 1589 3255 
儒 364 508 875 1419 
汇 363 2042 2043 5204 
弥 574 5264 
交 363 447 448 553 554 1872 1873 1891 1892 3268 3269 3393 3441 3619 4281 4282 4958 
题 51 241 242 243 561 562 777 1337 1973 3487 3496 3501 5113 
融 362 5144 
石 2907 2908 
浑 361 4216 4217 
二 360 789 824 949 950 1028 1418 1587 3251 3252 3253 4504 4505 4506 5126 5280 5331 5388 
感 518 600 1180 1181 1890 1891 1955 2969 2999 3005 3324 3628 3669 3735 3975 4227 4316 4329 4334 4460 4526 4893 5065 5186 5393 5394 5452 5582 5583 5585 5594 
们 450 982 1271 2638 5416 
判 661 1244 5384 
能 357 520 540 616 650 987 1190 2110 2322 2486 2494 2603 2645 2701 3275 3363 3738 4342 4479 4731 5115 
略 454 486 1039 1545 1656 1728 1729 1742 5516 5534 5567 5579 5580 
联 193 194 1971 2625 2626 3814 4146 4147 5484 
内 248 952 1246 1414 1536 1537 3140 3450 3517 3659 5024 5481 
德 356 765 771 772 819 820 916 965 966 1925 2573 2917 2969 3898 3899 3900 3901 4508 4696 4697 4698 4782 4783 5219 5228 5246 
量 395 1305 2211 2375 2651 2999 3410 4879 5520 5521 
称 344 865 866 1000 1341 4028 4232 5119 
介 150 1204 
词 155 2483 2706 2710 2714 2715 2763 2866 3832 3833 5237 
旦 1897 4908 
岗 343 
毛 343 1110 1111 2033 2442 2452 
桩 5053 5054 
谐 341 
种 338 339 637 1024 1066 1544 1566 1916 1974 2544 2630 3048 3117 3118 3121 3124 3125 3132 3133 3186 3200 4027 4289 4566 4754 4821 4822 4969 5253 
很 583 2504 3332 3743 4853 4922 
羽 1692 
围 337 1089 3477 4393 4394 4760 
减 812 3188 
样 165 221 229 578 701 702 898 1327 1954 2278 2279 2280 2544 2545 2632 2877 2878 2967 3133 3403 4479 4531 
猜 734 
渗 3449 
双 331 1594 1595 3259 3260 4416 
倒 1171 4181 5577 
墨 3526 
讲 1275 2262 2438 2587 3741 4330 4331 
见 320 321 459 1386 1498 2091 2385 2386 2391 3301 3380 3381 3643 3644 4133 4134 4135 4162 4621 4683 4723 4815 4878 5042 5043 5346 5375 5402 5643 
导 280 434 435 1179 1634 2003 2643 3552 5223 
件 739 2141 4727 4824 5678 
心 140 334 367 642 1141 1142 1146 1369 1488 1527 1536 1537 1601 1602 1823 1825 2303 2446 2447 3431 3466 3484 3485 3653 3757 4324 4354 4417 5368 5442 5443 5599 5600 5611 
可 320 321 492 536 605 616 961 962 963 1359 2026 2027 2207 2208 2367 2615 2656 2657 3134 3275 3293 3579 3582 3720 4773 4918 5115 5346 5389 5409 5410 5418 5501 
肩 488 3688 
甚 402 1021 1261 1899 5037 
责 2092 2093 3014 
电 145 146 2183 2189 2214 2225 2251 2570 2590 3344 3383 3655 3793 
振 342 780 781 901 2865 2866 2934 
惬 4298 
憧 1426 
弃 161 587 1229 3218 3405 
营 570 1584 
使 270 1194 2783 2923 3016 3167 3934 4093 4584 4661 5020 
劳 1581 2157 2158 2937 
世 505 631 784 872 873 902 1416 1417 2795 2956 3076 3077 3078 3079 3144 3145 3179 3180 3580 3669 4561 4699 4704 4830 
精 140 669 670 2353 2817 2820 2997 3221 3222 3952 5127 
睛 3099 3912 
陷 119 120 530 1241 
《 133 
线 132 682 2835 4234 5154 5647 
烈 598 1739 1977 3816 5287 
但 122 544 3836 4178 
散 121 1473 2210 4852 
公 769 772 2316 2965 3534 4558 4769 4991 4992 5330 
是 75 323 324 380 544 617 621 639 686 1177 1262 1266 1359 1507 1626 2192 2460 2514 2520 2722 2989 2990 3032 3114 3241 3348 3351 3430 3461 3692 3954 3988 4107 4109 4188 4271 4278 4532 4646 4714 4715 4875 4943 5251 5386 
① 317 
筋 4384 
多 126 127 170 188 189 253 259 377 390 391 402 874 1248 1428 1429 1430 1431 1696 1697 2317 2318 2524 2836 2877 2878 2976 3086 3132 3133 3190 3342 3343 3464 3788 4088 4089 4090 4091 4785 4786 4853 4888 4889 4912 4913 5061 5062 5073 5074 5375 5505 5624 5625 
陵 886 
美 120 257 354 383 644 880 1701 2297 2904 2964 2984 2985 3130 3681 3966 3967 4004 4306 4663 4664 
释 1249 2032 2267 2268 2269 3469 5370 
立 192 193 233 234 551 946 1062 1211 1289 1660 1997 1998 2697 3855 3856 5174 5634 
持 110 175 359 1924 2114 2115 2671 3945 4254 4834 4835 5559 
孔 109 541 759 760 1116 1744 1857 2555 2556 
和 341 353 455 1015 1016 2376 2501 2502 3067 3201 3203 3319 3439 3578 3739 4379 5046 
存 226 1263 2646 4830 5076 5077 
褐 5130 
外 186 651 858 1235 1356 1860 3371 3420 4238 5249 5537 
性 106 116 129 130 131 160 176 234 391 597 653 654 660 682 687 688 700 742 804 1068 1069 1114 1221 1276 1290 1368 1369 1551 1566 1995 1996 2005 2021 2022 2138 2204 2206 2208 2369 2486 2553 2657 2729 3115 3180 3209 3275 3276 3278 3279 3324 3417 3418 3448 3539 3557 3590 3596 3621 3718 3788 3789 3790 3952 3953 4102 4103 4195 4242 4260 4376 4805 4819 4835 4861 4895 5049 5050 5051 5435 5436 5512 5677 
闭 105 106 
逻 4267 
林 836 2450 3846 4236 4471 
区 272 3050 3889 5362 5366 
奠 88 
超 656 2833 3299 3333 4365 4412 
角 103 790 1308 1309 1430 1431 2695 3289 4071 4165 4207 
慕 882 4444 
容 382 1363 1364 1963 2963 3424 3450 3659 5048 5049 5050 5051 
朴 815 
得 214 215 479 480 534 604 634 920 921 1070 1071 1072 1175 1191 1194 1665 1827 1843 1844 1845 1973 2306 2789 3544 3893 3894 3987 3988 4749 5483 5644 5665 
白 47 1880 2455 2986 3287 4844 4985 5178 5278 5543 
家 101 366 508 509 676 722 916 1057 1058 1079 1152 1153 1422 1423 2117 2156 2157 2327 2328 2351 2395 2997 2998 3088 3366 3656 3967 4145 4564 4654 4655 4771 5611 5612 
缝 5374 
9 29 
顺 1607 4066 
庸 138 2856 3549 3550 
钝 816 
笃 1021 
寄 5114 
余 736 1471 2745 3478 3479 3531 3572 
‘ 1456 
金 2845 2846 2847 2957 5069 
伐 3687 
互 444 895 1964 2359 5186 5205 5229 5492 
喟 4227 
平 134 138 359 585 738 1425 1558 1949 2501 2502 2503 2689 3219 3505 3730 3731 5312 5552 5630 
概 1596 1597 3415 3750 
干 179 180 1493 1852 3733 4430 
叫 989 
’ 1461 
族 2530 3200 3211 3212 3213 
谱 5690 
究 44 493 747 1580 2262 3691 3873 3876 3905 4095 4625 
厉 3352 
起 375 376 787 1211 1750 1769 2245 2536 2791 2972 2973 3129 4458 4801 5510 5547 
久 1802 1803 4507 4924 4925 
观 396 417 741 742 1052 1197 1841 2217 2218 2463 2867 3250 3279 3317 3400 3615 4198 4673 4743 4804 4847 4893 4995 5116 5672 
组 157 3177 4565 4574 
急 1786 1787 1986 1987 
姆 1138 1139 
“ 92 
帮 469 2276 
所 91 345 346 379 623 865 1040 1041 1096 1164 1182 1533 1534 1966 2640 2875 2876 3643 3803 3804 3873 3945 4044 4054 4199 4329 4342 4497 4592 4660 4872 4933 4934 4960 5216 5243 5244 5424 5483 5527 
调 333 1702 2531 2718 3264 3578 3778 3779 4927 4928 5035 5090 5148 5195 5606 
众 170 411 1093 1841 2198 2310 2311 2316 2422 2423 2747 3400 
者 46 360 416 431 446 875 1679 1684 2256 2409 2944 2946 3054 3055 3137 3138 3143 3427 3429 3647 3648 3764 3811 3812 4171 4605 4625 4673 
他 90 450 850 1048 4395 
快 1672 2219 3332 4418 
” 95 
⑨ 1335 
合 157 1224 1225 1483 1519 1654 1727 1861 2021 2422 2649 2650 2838 2839 3131 3595 3596 3625 4146 4147 4148 4613 4843 4944 4945 5144 5155 5545 5546 5547 
印 49 211 4636 4638 4763 5353 5354 5459 5682 
篇 166 167 2024 2885 3030 3914 
证 1037 2794 3527 3594 3862 3980 4994 
播 2251 2252 2312 2313 2608 
桑 825 
溺 1154 1155 
主 300 561 562 912 913 1197 1642 1824 2114 2115 2639 2640 2732 2846 2847 2849 2850 2965 3011 3017 3018 3034 3035 3037 3136 3137 3138 3213 3215 3228 3229 3426 3427 3493 3494 3499 3500 3649 3749 3815 3860 3990 4036 4048 5135 5672 
弯 5145 
笑 137 1313 3331 
还 324 1855 1900 2687 4827 4927 
即 177 1439 2173 3934 4273 
好 201 859 1517 1574 1655 2904 3459 3486 3705 4473 5140 
傲 1609 2414 2804 
泥 3799 4173 
鲜 85 1068 1195 2443 3381 4878 5260 5261 
虚 879 911 5319 
抗 1348 1978 4509 
情 287 518 576 1022 1552 1767 1881 2659 2740 2750 2880 2881 2961 3005 3264 3653 3669 3729 3734 3955 3974 4299 4311 4312 5426 
赤 1436 1437 1992 1993 
计 471 568 1379 1447 1454 1489 1490 1747 2122 2123 2147 2148 3304 3305 3306 3434 3435 5534 5535 
善 636 3658 
雷 276 2782 5026 5027 
赶 4402 
染 854 5137 
来 83 84 104 205 288 289 308 311 376 679 680 711 723 808 943 993 1170 1198 1857 1858 1948 2139 2140 2194 2195 2247 2253 2254 2307 2348 2499 2513 2541 2543 2567 2568 2932 3116 3183 3471 3651 3741 4407 4409 4677 4724 4862 5067 
元 388 390 391 762 1735 3190 
页 33 
形 56 67 81 236 684 708 1053 1552 1805 1929 1930 2962 2963 3108 3109 3160 3161 3240 3670 3671 4351 4352 
愈 83 84 4278 4280 5505 
慧 112 371 
不 201 262 273 373 381 398 419 479 480 520 539 540 572 582 593 639 852 907 908 949 950 961 962 963 978 995 1061 1107 1175 1343 1363 1364 1381 1393 1483 1598 1619 1620 1674 1793 1802 1803 1848 1849 1927 1933 1934 1953 1968 2014 2019 2244 2245 2267 2268 2283 2293 2299 2300 2322 2323 2418 2460 2614 2633 2648 2670 2674 2721 2722 2773 2826 2832 2891 2949 2950 3047 3282 3350 3351 3381 3398 3401 3402 3406 3411 3473 3625 3720 3830 3834 3866 3881 3941 3951 3954 3998 3999 4039 4047 4109 4157 4162 4178 4244 4245 4250 4251 4312 4313 4418 4429 4438 4497 4498 4529 4530 4540 4541 4545 4546 4576 4637 4640 4641 4678 4816 4854 4855 4863 4864 4910 4911 4957 4960 4991 5036 5040 5048 5049 5072 5073 5074 5213 5215 5236 5301 5308 5320 5321 5356 5375 5404 5455 5456 5468 5469 5483 5499 5513 5514 5534 5535 5593 5594 5657 5658 5659 5686 
深 1537 1538 1658 1815 1863 1881 2029 2030 2238 3296 3522 3801 3802 3885 4095 4514 4515 4738 5343 5524 
绝 94 539 540 4087 4088 4197 5019 5676 
径 1548 1549 3939 
份 77 3390 5369 
以 76 182 204 205 345 346 477 487 492 524 691 746 990 1247 1563 2383 2599 3090 3159 3202 3378 3979 4072 4582 4709 4749 5064 5213 5467 5537 
求 107 231 261 368 620 634 2199 2258 3155 3326 3739 3798 3982 4873 
展 128 129 130 481 796 1009 1258 1540 1541 1712 2186 3313 3663 3671 4101 4770 5270 5646 
、 40 
催 2994 
悲 535 599 600 1112 1114 1117 3292 3736 
整 708 1127 1217 1906 2129 3455 3456 4102 4263 4518 4519 4997 5606 
约 1360 2887 3439 3440 4841 4901 4935 5218 5268 5513 5514 
局 573 1779 1851 2061 2062 3191 3328 3929 4894 4895 
状 196 1657 3345 5285 
惠 2054 
向 71 185 628 967 969 1134 1140 1444 2362 2664 2665 2899 2995 3100 3101 3116 3148 3557 3611 3868 4896 5224 5542 5549 5585 
咬 2498 
接 613 1639 1772 1781 3054 3323 3368 
辖 3909 
摩 735 4380 
类 35 899 900 1251 1252 2309 4174 4175 4710 4822 4968 
少 377 378 814 2836 3998 3999 4913 4914 4922 5055 5078 
周 337 1450 2068 2163 2164 2165 2177 2220 2567 5170 5523 5524 
并 79 506 638 727 953 3419 4863 5098 
追 368 493 3798 4398 4873 5300 5301 
洞 504 4909 
么 219 228 229 1035 2255 2512 2976 3407 4248 4530 4531 5036 
地 25 98 99 533 736 807 1161 1210 1510 1513 1592 1643 1713 1870 2464 2465 2939 3046 3050 3093 3094 3097 3231 3553 3592 3626 4288 4315 4411 4515 4794 4903 5007 5008 5128 5303 5338 5436 5515 5565 5599 5600 5674 
辑 2084 2093 2094 4267 
倘 548 
添 217 5675 
尺 3195 3196 5392 5438 
朝 305 2443 
撼 5401 5466 
骑 2416 
望 749 881 966 1176 1356 1789 2423 2564 3707 4435 4880 4951 
艺 58 81 149 1145 1152 1214 1230 1231 2045 2046 2100 2216 2217 2237 2241 2265 2398 2736 3010 3012 3153 3325 3418 3728 3841 3842 3864 4031 4241 4751 5018 
钱 2597 2680 
统 55 96 176 649 724 1092 1108 1560 1855 2018 2147 2148 2426 2427 3194 3428 3429 3879 3909 4817 
【 1 
彩 914 4983 5065 5106 5107 5133 5310 5489 5490 5491 5624 5625 5631 
幼 2335 
细 152 1049 2326 3119 3742 4622 4701 5087 5175 5339 5340 5509 
媳 2449 
浪 834 1518 2766 3675 3676 
？ 223 
支 2671 3711 3712 5573 
固 97 98 1621 1965 
】 5 
悬 1332 
父 4304 
拖 2929 
斜 4650 
昼 830 
茫 2466 
颤 4421 
大 15 16 254 618 718 730 731 780 781 933 973 1125 1219 1374 1400 1437 1438 1467 1513 1514 1668 1669 1722 1851 1942 1943 1944 2089 2090 2211 2215 2217 2218 2310 2311 2351 2451 2504 2505 2506 2616 2760 2761 2764 2783 2842 2843 3153 3154 3165 3316 3334 3400 3675 3696 3708 3750 3800 3863 4087 4088 4089 4090 4367 4793 4794 4863 4864 5016 5017 5081 5201 5400 5403 5421 5462 5670 
吗 2565 
与 108 2730 3346 3347 3348 3547 3756 4644 4645 
匹 423 
- 7 
璋 1756 
永 2889 4369 
贯 712 3192 
欢 2239 2240 2266 2746 2879 
涵 248 
订 3205 
健 2911 2960 3485 3681 
缺 119 120 500 984 1939 3720 3721 3960 4128 
被 224 3080 3405 4318 
作 45 101 102 431 433 773 1120 1145 1158 1178 1373 1567 1568 1654 1908 2154 2168 2265 2296 2321 2705 2819 2857 2858 2947 3010 3111 3245 3334 3366 3760 3761 3763 3864 4039 4121 4144 4163 4177 4262 4660 4724 4761 4978 5028 5121 5205 5371 5415 5486 
困 1765 3646 
度 103 266 339 340 1317 1431 1669 1670 2145 2170 2506 2695 2828 3195 3196 3296 3336 3694 4789 5396 
料 692 848 2041 2042 3422 4919 5620 
令 274 974 980 2857 4443 5373 
怜 536 1952 
史 70 158 401 440 441 674 675 692 722 745 1056 1057 1081 1275 1731 2025 2803 3842 4182 4242 4648 4649 4743 
答 242 244 1732 
蹈 4253 4538 
拟 4045 
张 813 1281 2070 2176 3229 3444 3445 4439 4456 5645 5662 
里 295 677 755 1002 1003 1521 1584 1663 2469 3022 3404 4139 4417 4499 4782 4783 5246 5247 5333 5334 5586 5587 5588 
君 525 1319 1718 
毁 4639 4849 
雒 1090 
③ 770 
识 459 947 1638 1969 1970 2203 2204 2511 3160 3300 3654 4065 4571 4803 4941 
用 259 609 973 1050 1295 1343 1458 1613 1630 1835 1836 2190 2191 2321 2454 2487 2763 3008 3009 4395 4453 4524 4563 4752 4988 5020 5205 5671 
儿 919 2449 2672 2673 2739 5295 
鉴 2319 
漫 121 834 5264 
乎 891 2308 2749 2750 2751 
差 255 1184 3986 4075 4076 4104 5073 
站 549 3809 5174 
刊 24 2213 2378 2592 2606 3091 
跨 71 
财 3701 
结 573 1631 1902 2431 3131 3142 3185 5013 
懊 1898 
② 428 
沉 512 1154 1155 2559 2560 2561 2699 3295 3397 4305 4979 5265 
社 21 887 888 2045 2048 2090 3262 3824 
c 4469 
哲 20 502 3616 
国 38 163 164 293 416 1424 1731 1797 1956 2117 2149 2424 2425 2917 2918 2974 3003 3004 3033 3034 3035 3149 3189 3226 3227 3228 3340 3657 3685 3793 3969 3970 4004 4115 4145 4275 4653 4654 5324 
未 413 506 972 1710 4096 4308 4309 4731 
学 16 17 18 42 43 257 674 675 701 822 823 1057 1058 1079 1120 1142 1143 1230 1231 2089 2090 2380 2478 2694 2705 2803 2806 2807 2951 3143 3513 3514 3515 3516 3616 3617 3659 3724 3845 3967 3970 4482 4483 5016 5017 5611 5612 5680 
握 265 1238 1239 2373 
字 932 3744 5238 5239 
挡 3040 
憾 577 1939 4881 5373 
方 528 883 1115 1323 1324 1510 1582 1583 1721 2317 2318 2893 2894 2899 3433 3434 3490 3570 3571 4164 4666 4667 4722 4774 5092 5093 5584 5585 
命 172 590 1337 1901 2923 3085 3682 3766 3855 3856 
格 131 393 394 687 906 907 1188 1434 1435 2913 2914 2915 3042 3191 3899 3900 3901 4137 4219 4327 4328 4474 4842 5458 
秘 4772 5615 
； 212 
恐 1361 1856 4169 
全 709 1594 1595 2500 3006 3340 3938 3954 4186 4323 4324 4839 4897 
亡 1650 1784 
了 89 1172 3405 3555 3920 4923 4987 5532 
堪 2949 2950 
， 63 
耳 1012 2497 
每 640 864 2150 2163 2164 
童 1329 2105 
幻 2983 4152 4153 5319 5335 
出 13 78 118 247 285 352 521 808 1279 1280 1352 1356 1380 1391 1392 1416 1541 1568 1622 1635 1844 1845 2045 2047 2048 2090 2428 2518 2604 2620 2907 3073 3074 3162 3163 3401 3402 3540 3541 3562 3627 3797 3983 4094 4348 4406 4407 4408 4409 4412 5002 5003 5011 5096 5101 5270 5290 5304 5305 5437 5441 5442 5444 5504 
在 68 220 226 348 623 1129 1321 1414 1710 2212 2569 2978 3047 3105 3517 3523 3575 4233 4363 4497 4578 4829 4870 4960 5060 5251 5546 5547 
事 191 513 725 738 739 956 1046 1063 1104 1105 1183 1295 1637 1748 1761 1787 1788 1798 1816 1854 2326 2585 2920 2921 3166 3480 3965 3984 4299 4599 4971 5052 5053 5561 
恢 2507 
莹 48 
养 863 2598 2631 2968 4629 
惯 4029 4133 4135 4904 4905 4906 
人 53 65 66 67 124 204 274 355 393 407 408 433 462 463 505 509 537 538 678 685 687 715 716 824 835 850 859 860 872 899 974 980 982 1025 1030 1250 1252 1259 1368 1441 1506 1518 1647 1648 1683 1743 1816 1889 1956 1975 2006 2115 2150 2197 2276 2287 2403 2433 2435 2558 2714 2771 2772 2793 2849 2850 2857 2897 2903 2961 2962 2993 3017 3107 3155 3221 3442 3466 3530 3546 3605 3606 3607 3729 4003 4036 4099 4120 4365 4375 4544 4736 4902 4935 4938 4976 5044 5142 5157 5223 5358 5373 5571 
疑 216 1542 1770 5651 5652 
欧 5433 
文 3 4 12 42 43 61 835 1030 1079 1120 1230 1703 2045 2046 2100 2130 2181 2210 2241 2265 2311 2353 2354 2376 2382 2390 2478 2489 2609 2705 2778 2803 2806 2807 2903 3010 3012 3017 3221 3222 3246 3513 3615 3685 3903 3904 4488 4557 5238 5524 5678 
下 483 607 663 733 746 794 827 836 968 1144 1331 1408 1409 1425 1553 1598 1599 1930 1931 2499 2646 2647 3071 3626 3627 3786 4571 4572 4579 4580 4635 4666 4667 4676 4677 5124 5125 5299 5331 5550 5551 5563 
身 77 235 236 349 564 629 799 918 946 1421 1422 1784 2006 2299 2301 2459 2931 3484 3485 3770 3771 3854 3855 3932 4032 4033 4215 4323 4324 4732 5021 5022 
殿 2958 
我 635 1156 1271 1969 2149 2391 2484 
满 336 3818 4404 
媒 150 2313 2314 3083 3086 
  2 
表 372 699 700 1156 1256 1280 1559 1838 1904 2488 2607 2690 3097 3108 3281 5008 5009 5207 5239 5635 
素 495 748 797 2852 3672 4521 4548 4549 4629 5672 
面 169 528 566 670 671 680 681 689 794 871 1307 1308 1309 1324 1330 1468 1469 1779 2175 2258 2259 2318 2324 2510 2555 2894 2979 3006 3022 3281 3297 3298 3318 3368 3399 3519 3571 3598 3599 3666 3718 3730 3731 3778 3798 3968 4161 4803 4805 5194 5289 5315 5352 5399 5539 5650 
［ 316 
脸 2790 3700 
领 72 2643 3106 3107 4344 5561 5579 5580 5638 
旗 483 1366 1367 3224 
场 173 285 551 552 857 1084 1289 1508 2125 2126 2190 2191 2610 2665 3046 3650 4054 4613 4829 5398 5399 
2 10 
因 462 463 748 977 1326 1623 1680 1982 2514 2515 3732 4172 5082 5672 
牛 5015 5016 
登 173 2462 2606 
驾 953 1006 
断 1062 1067 1244 1726 4810 4811 5308 5668 
火 1466 1470 3388 3607 3608 4597 4598 
老 2174 2402 2668 2669 
4 9 
如 230 464 545 803 941 1187 1690 1819 1953 2173 2257 3285 3350 3351 3642 3886 3981 4174 4572 4578 4959 5381 5382 5383 5474 5650 5663 
３ 2052 
射 187 4399 4405 4406 4407 4408 4409 
蜀 1340 
J 36 
创 102 432 474 957 1120 1145 3010 4255 4516 
做 521 924 964 3936 
芹 2812 
⑧ 1205 
谈 664 920 921 2111 2583 2584 2916 3203 3520 
揭 246 
先 308 312 753 1402 1979 1980 2519 2520 4599 4726 4727 5461 
浮 4143 4415 4427 5095 5420 
由 86 319 320 1121 1122 1165 2145 2299 2300 3711 3769 4198 4332 
j 4809 
之 225 252 283 345 447 938 956 971 1003 1108 1116 1235 1237 1253 1265 1293 1590 1743 1866 1903 1930 1931 2012 2016 2027 2302 2391 2727 3156 3355 3463 3531 3593 3732 3872 3882 4028 4114 4173 4180 4198 4288 4290 4492 4507 4525 4790 4791 4900 4968 5249 5454 5687 
锦 217 3058 3059 
阳 1636 2055 3826 3827 5208 5263 
去 206 1163 1310 2294 2521 2647 2764 2765 3254 3561 3709 3725 4127 4184 4512 
看 289 405 1198 1272 1628 1843 1844 2185 2189 2278 2325 2343 2352 2477 2656 2657 2695 2822 3245 3447 4600 4607 4701 4733 4847 5096 
阿 1138 4359 5027 
物 66 67 143 329 538 687 688 1183 2222 2370 2771 3025 3098 3503 3758 3767 4010 4011 4145 4260 4516 4517 4680 5306 5540 
水 767 2906 2907 3504 3505 3784 5489 5490 
高 113 369 610 611 663 751 896 965 966 1032 1192 1388 1404 1411 1661 2374 2414 2462 2828 3104 3105 3704 3719 4345 4452 4457 5563 
抹 1947 
某 338 339 1185 4027 4274 
话 134 430 1051 2116 2587 2776 2870 2871 3487 3612 4753 
上 217 288 349 350 491 552 553 826 921 944 1119 1469 1598 1599 1800 1874 2190 2383 2510 2635 2703 2928 2995 3062 3105 3127 3389 3533 3561 3617 3965 4160 4164 4166 4226 4345 4346 4388 4402 4424 4427 4685 4686 4687 4791 4792 4840 4930 5196 5207 5235 5356 5508 5591 
中 38 74 199 334 353 358 643 712 996 1130 1159 1353 1354 1489 1490 1559 1564 1688 1700 1763 1764 1877 1957 2060 2061 2302 2571 2984 3144 3145 3709 3719 3803 3904 4125 4290 4358 4800 4828 4900 4940 5106 5156 5157 5166 5191 5258 5368 5481 5482 5677 
模 144 275 707 
献 3 4 1445 1475 
当 148 149 199 215 715 893 1008 1062 1086 1202 1367 1458 1655 1908 1958 1959 2389 2696 2805 3092 3179 
7 11 
L 4467 
著 1807 2064 2131 2682 3374 3375 4183 4559 4843 4978 
⑥ 1013 
旧 756 1923 3286 4285 
芒 655 
田 2939 5192 
古 39 401 406 2023 2393 2478 2768 2769 2819 3528 3773 3926 4668 
原 12 23 332 1290 1354 1623 1807 1948 3214 3215 3529 3530 3958 4042 4144 4827 4996 5005 5367 5390 5461 5533 
诨 3291 
色 82 790 914 1308 2471 2787 2895 3752 3754 4266 4670 4671 4892 4983 4988 5065 5069 5085 5086 5089 5090 5097 5107 5130 5131 5150 5152 5153 5168 5169 5173 5177 5180 5184 5190 5229 5230 5261 5262 5440 5447 5504 5648 
凉 3746 
》 135 
键 154 155 
处 13 200 220 513 872 873 959 1004 1478 1537 1538 1554 1556 1606 1922 1966 2016 2027 2401 3220 3468 4079 4512 5345 5346 5681 
属 581 1182 1274 2523 3115 3448 5434 5435 
律 1203 2392 2732 2733 3632 
昌 26 
凌 4537 
坚 2350 
演 139 164 1302 1634 2603 2604 2637 4330 4331 
野 744 5192 
历 159 303 440 441 674 723 2025 2694 3242 4242 4768 
兄 1745 
故 567 1611 1797 1798 1945 2585 2920 2921 
丽 647 2964 4366 
静 1087 1558 4428 4990 5639 5640 
逗 3284 
充 136 1591 3818 4489 4643 4781 4879 
： 19 
象 56 67 81 162 211 1264 1579 2859 3240 3600 3601 3683 3892 4307 4532 5045 5635 
助 469 1043 1284 4775 4776 4795 4796 
乡 755 
选 798 2816 3376 5667 5669 
报 18 2200 3091 
抒 2384 2385 
的 57 263 644 2116 2136 2347 2348 2831 3988 4156 4450 4966 5139 5625 5688 
践 3603 
圈 2020 2482 
于 348 415 460 861 1077 1109 1110 1155 1165 1181 1253 1287 1395 1525 1578 1645 1786 1787 1849 1850 1910 1934 1943 1944 1980 2091 2192 2419 2523 3009 3234 3322 3482 3483 3488 3586 3870 3871 3922 3929 3930 3996 4026 4069 4185 4258 4487 4641 4642 4775 4776 4796 4833 4898 4905 4906 4945 5224 5379 5380 5633 5660 5684 
代 39 41 42 148 149 372 715 716 1972 2121 2709 3082 3139 3364 3467 3727 3831 3832 4055 4868 4924 5234 
贤 753 1408 2054 
尊 1126 1227 1646 4326 4441 
啸 842 
住 1238 1239 2288 4545 4546 
索 132 2677 3941 3942 5271 5272 5457 
进 59 271 693 705 1088 1445 1773 1774 1792 1809 3197 3449 3660 
吃 980 981 2526 2527 2674 
轮 1128 5647 
复 49 277 389 2507 3226 3227 3228 3706 4122 4123 4239 4865 5304 5347 5467 5480 
跃 198 
况 1073 2659 
牙 2491 
诫 4632 
牢 97 98 
法 264 294 1347 1516 1721 2285 2343 2365 2533 3171 3172 3173 3174 3175 3595 3596 3632 3782 3936 4115 
相 189 190 335 444 624 710 800 839 844 895 1030 1070 1071 1086 1157 1367 1598 1620 1929 1930 1963 2235 2345 2359 2522 2823 3220 3337 3339 3664 4075 4076 4215 4690 4858 4861 4862 4970 4999 5000 5048 5049 5050 5205 5492 
淘 2767 
士 284 762 775 1226 1233 1408 1409 1869 2416 2728 4009 5412 
疵 5377 
败 1236 2902 
湖 14 
要 62 107 181 795 797 1175 1193 1824 2320 2513 2601 2634 2666 2834 2900 2909 2982 3016 3032 3157 3276 3577 3672 3805 3834 3977 4199 4248 4283 4720 4957 5554 5556 5679 
寻 231 806 1983 4948 4950 4976 4977 5643 
执 1714 1715 1790 
痴 4513 
具 626 698 874 1277 1433 1434 1853 3084 3907 4047 4257 4681 5045 
阻 1834 3884 
乃 306 2128 
培 2968 5316 
龙 603 1334 3773 
彼 897 
剧 137 146 596 597 599 600 720 1114 1300 1301 1877 2589 2610 3325 3612 3816 
百 1002 1003 1298 1890 1891 2044 2045 2174 2403 3434 3435 
番 1027 2179 
值 156 534 1959 3195 3857 3987 3988 4804 
制 142 167 168 657 1360 1686 1687 2168 3395 3780 3782 3783 4122 4123 4124 4636 4761 4859 4928 5160 5304 5305 5480 5683 5684 
列 239 240 726 3419 4030 5277 
宰 5135 
视 145 146 744 1796 1878 1879 1960 2189 2214 2251 2860 3110 3760 3761 4114 4234 4240 4241 4325 4956 4972 5088 5552 5557 5572 5605 5661 5664 
… 302 
工 153 2154 2167 2168 2785 2942 2943 2944 2945 3084 3727 3728 4099 
曲 2000 2237 2718 3890 4187 
窄 5445 
传 147 724 754 2312 2313 2811 3083 3178 4690 4817 5424 
搏 2496 
奋 2934 
街 3095 
位 99 1664 2379 2408 2645 2676 2730 3157 3158 3162 3163 3851 4042 4303 4336 4721 5633 
揣 735 
帐 2274 
娱 2137 2138 2181 2182 
智 93 112 282 371 486 503 522 1233 1286 1593 1594 1662 1920 
动 1296 1642 1643 1825 1826 2157 2158 2182 2222 2470 3012 3041 3060 3061 3080 3111 3112 3141 3735 3738 3817 3919 4176 4177 4846 4877 4886 5528 5574 
军 476 1038 1063 
从 69 944 1216 2253 2254 2571 3461 3480 3795 4193 4308 4309 5216 5217 5434 5435 
想 435 436 562 645 912 915 1017 1206 1579 2648 2983 3417 4621 4728 5484 5509 5510 
关 154 155 190 839 1020 1648 1692 1971 2339 2359 2446 2447 3019 3382 3488 3506 3819 3951 3976 3977 5554 5555 
糕 4962 
佩 4339 
葛 290 291 519 759 760 
似 260 262 263 891 1546 2257 2325 4083 4473 4710 4714 4715 
宴 1754 
厚 869 1220 1827 1918 
仍 1600 3577 3613 4285 
愿 1789 1991 2548 3367 
宛 465 
鲁 998 1019 1135 
⑦ 1103 
此 87 182 183 319 320 545 567 845 858 897 1077 1273 1506 1550 1614 4172 4174 4175 4198 4311 4644 4645 4939 4993 5248 5249 
闹 4575 
价 156 608 610 611 662 1033 3194 3195 4055 4804 4839 4921 
基 184 1808 2492 2493 2494 4296 4742 
木 4586 4826 
骨 1520 1521 
系 96 176 193 194 238 239 240 330 1020 1648 2018 2028 2359 4840 
战 856 1437 1438 1509 2260 2882 3166 3173 3181 3184 
宣 2843 2844 3178 
举 1031 3463 5066 5067 5469 5470 
日 542 543 2582 2927 3217 3260 3272 3273 3472 3565 3566 
浇 4825 
厌 1320 
三 163 164 293 801 1099 1100 1101 1405 1406 1771 2330 2331 3117 3341 3672 4684 5391 5473 5626 5627 
准 184 948 1196 2670 3198 3394 3785 
写 118 721 943 1269 1373 1733 2453 2791 4866 5243 
申 5214 
勿 207 
扬 161 1192 1562 2843 2844 
简 2243 4200 
筑 697 4214 
肯 449 4940 
必 174 279 384 778 2834 2891 2892 3276 4096 4957 5060 
须 174 385 1212 2666 3451 4284 
惫 2948 2949 
若 179 213 548 5616 
亦 940 1744 3293 5428 
氧 2629 
萝 2872 2873 
皮 3445 4401 
力 394 395 658 813 904 1080 1201 1345 1355 1689 1904 2004 2286 2999 3371 3682 4002 4511 5394 5396 5427 5432 5574 5600 5601 
哼 3532 
有 249 378 379 413 556 557 586 595 689 698 728 1040 1164 1250 1621 1704 1821 1917 2005 2015 2159 2338 2339 2342 2356 2366 2551 2640 2654 2687 2703 2824 2851 2866 2875 2996 3285 3416 3462 3481 3482 3543 3673 3710 3740 3764 3836 3894 3984 4056 4067 4068 4069 4264 4269 4270 4272 4286 4309 4351 4548 4549 4550 4795 4796 4821 4832 4833 5129 5232 5252 5259 5291 5296 5378 5379 5427 5465 5533 5575 5584 5642 
胸 1528 1529 4454 
刚 3794 
奇 421 1336 1708 2811 4448 
辐 187 
宾 299 3232 
请 821 1398 2387 
息 2509 2572 3081 3082 3306 3308 3309 3310 5425 
束 3185 3440 
生 355 585 738 803 1064 1074 1207 1208 1209 1210 1263 1698 1714 1901 1976 2516 2517 2663 2686 3128 3129 3273 3274 3297 3298 3323 3470 3541 3542 3647 3666 3682 3695 3765 3766 3996 4037 5080 
勤 861 
成 195 347 392 684 685 1480 1519 1760 2007 2015 2702 2818 2832 3122 3239 3315 3447 4191 4723 5137 5188 5459 5460 
己 633 1292 1293 1383 2299 2385 2386 3748 3749 
低 954 2840 2841 3548 
尖 4420 5038 
净 3777 3878 
谜 3156 
逐 2017 
甩 2271 
帷 452 453 
理 200 214 522 645 912 951 959 991 1141 1142 1143 1146 1147 1369 1637 1825 1831 1861 2021 2022 2100 2101 2395 2427 2566 2692 2773 2793 3233 3432 3494 3495 3769 3790 3931 4728 4930 5306 5311 5611 5612 5681 
涉 1029 1852 4194 4235 
轰 3919 
封 105 106 1617 4353 4684 5123 5280 5351 5352 
武 26 905 2404 2405 2406 2437 2883 2884 
害 1681 
便 202 1507 2890 3696 4273 4774 4788 
售 1382 
客 1052 
瑜 1450 1452 
肤 208 
招 1170 4617 
裤 4581 
残 855 3960 
背 587 846 847 1411 1412 1682 1683 
凸 256 
司 763 818 819 820 4132 4133 
酒 2719 2737 5279 5283 5298 
研 44 3873 4625 5211 5259 
漠 210 3640 3641 
然 465 580 778 782 788 893 1166 1243 1393 1479 1716 1818 1965 2981 3167 3563 3609 3613 3621 3661 3708 4216 4217 4445 4485 4838 4975 5060 5075 5076 5215 5428 
无 216 322 323 898 1304 1347 1441 1533 1534 1624 2366 2367 2399 2400 2413 2611 2612 2691 2862 2869 3819 3874 3895 3979 4044 4064 4065 4076 4077 4194 4290 4345 4346 4352 4378 4576 4627 4628 4735 4811 4960 5076 5077 5216 5467 5527 5554 5651 
宗 343 2034 2731 4857 5112 
恰 1202 3857 3944 4083 5381 5382 5488 
名 25 37 172 775 779 780 783 880 881 997 1149 1150 1526 1562 2682 2683 3335 3336 3374 3602 3759 3831 3832 3833 4073 4074 4665 5121 5341 5342 
独 233 234 403 652 653 1827 3302 3391 5441 5442 5465 
跟 374 
亚 1934 5361 5362 5364 5365 
治 438 978 985 1004 1289 1424 2692 3428 3429 3476 3796 
媚 2724 
花 217 2044 2045 2630 2741 2941 3404 3821 
笔 218 1236 1702 2111 2209 3526 4440 4605 5299 5372 
否 461 809 1626 3756 
抛 1229 1331 3405 
端 2848 3236 
说 104 252 296 925 1055 1376 1432 1989 2025 2282 2347 2348 2533 2543 2792 2871 2885 2922 2989 2990 3347 3348 3350 3351 3370 3978 3983 4797 4855 4862 4953 5067 
那 219 594 1034 1174 1954 2676 3186 3248 4499 4610 5369 
折 933 934 935 936 2001 3677 
婉 2726 
放 115 116 2119 2605 2608 2888 2978 3218 4405 4406 4407 4579 5670 
员 579 2637 
六 1101 1102 4699 4702 4703 5531 
痛 2445 3820 
屏 3110 3327 5314 
活 198 1207 1208 1689 1825 1826 2182 2516 2517 2598 3012 3273 3504 3542 3585 3591 3684 
解 242 243 244 281 974 975 991 1867 3201 3270 3425 3469 3890 3989 3990 4059 4192 4535 4745 4923 5486 
针 2344 2345 4814 4815 
失 268 278 447 565 1310 1649 1936 1994 2564 2861 4128 4131 4550 4551 
蹲 4676 4677 
海 1138 1139 2071 3898 3899 5227 
纽 5268 5430 
鸿 166 167 1110 1111 1753 1754 
尤 424 4237 
间 225 909 1122 1123 1746 1781 2144 2230 2465 2527 2919 2920 2927 3355 3360 3361 3479 3542 3606 3607 4800 5242 5492 5627 5628 
问 241 242 823 1454 1732 1734 3877 4058 4561 
垒 3187 
什 228 229 2512 4604 
浅 208 209 3283 4670 
也 315 2989 4108 4109 
各 232 366 667 1615 1974 2384 2385 2544 2545 2875 3189 
红 2813 2814 5167 5168 5169 5172 5173 5197 
自 232 235 635 788 829 1121 1122 1156 1383 1646 1871 1872 1884 1885 1969 2145 2594 2595 3001 3528 3661 3708 3711 3865 3866 4312 4313 4314 4910 5518 5663 
今 406 407 2226 2588 3092 3246 3992 3993 4151 4959 
让 425 3540 4544 
一 238 239 297 388 546 571 572 579 649 787 791 792 793 868 871 955 1018 1064 1078 1144 1149 1225 1254 1255 1257 1265 1292 1293 1323 1324 1327 1372 1434 1435 1478 1508 1544 1585 1635 1729 1730 1757 1804 1809 1961 2133 2151 2177 2179 2272 2284 2549 2575 2576 2600 2681 2685 2760 2796 2815 2837 2893 2894 2987 2988 3020 3030 3031 3194 3247 3354 3355 3358 3359 3360 3361 3385 3390 3396 3456 3457 3512 3664 3665 3713 3715 3722 3828 3844 3903 3906 3908 3987 3988 4071 4136 4154 4207 4217 4276 4287 4288 4336 4387 4422 4441 4494 4495 4519 4520 4527 4528 4565 4619 4681 4721 4733 4814 4815 4845 4908 4952 4953 4997 5053 5054 5070 5094 5250 5341 5474 5512 5547 5626 5645 
伤 3736 
优 1557 1736 1979 3365 3366 5558 5581 5582 
均 529 
术 58 81 149 1145 1152 1153 1230 3153 3418 3513 3515 3516 3614 3842 3864 4031 4241 4341 4663 4664 4751 5057 
潮 3244 
氛 1118 3477 
迁 665 
节 152 287 1757 2761 3376 3564 3565 4112 4201 4661 5160 
示 246 1258 1259 1377 2693 3209 4368 4582 4689 4762 5009 
艾 5282 5613 
及 641 664 1029 1247 1768 4006 4734 4746 4747 4934 4980 5236 5536 
庞 54 762 771 772 1108 
塑 3238 4707 
亮 291 1391 3911 3912 3913 5134 5171 
讨 2030 2031 2388 3687 
退 1773 1774 2777 4952 4953 5621 5622 
滞 811 
镶 5109 5110 
碎 2013 
！ 1887 
伽 3915 
5 30 
征 258 2490 2690 3243 3683 
寸 267 1659 5392 
诚 870 1875 4975 
依 1894 1923 4035 5397 5530 
尽 268 937 1076 1619 1620 1672 2651 4759 4773 5115 5666 
或 377 446 1168 1261 1262 3720 3721 4917 5526 
米 5120 5463 5478 
腹 3294 3696 
需 2199 2258 2320 2869 3805 5252 5307 
极 269 750 1159 1484 2848 3235 3236 3597 3645 4793 4981 4982 5078 5100 5422 
补 574 1964 2059 3146 5229 5230 
悉 367 4060 4777 
共 342 627 828 2511 4769 5189 
锋 554 655 2344 2345 
呢 222 
贫 2938 5245 
确 178 1037 1042 1196 2831 2851 4105 4252 4626 4627 4851 4902 5187 
蜜 4432 
五 2164 2165 2166 2537 2538 4566 5506 
＊ 2096 
误 272 1649 1847 4573 4628 4998 5012 
微 729 730 928 1240 2658 5087 5175 5176 5455 5567 
乐 2137 2138 2181 2182 2188 2219 2223 2358 2419 2711 2712 2758 2759 2987 2988 3284 3322 3537 3545 5031 5032 5033 
尴 532 4555 
近 41 42 613 673 917 1987 1988 2193 2194 3206 4674 4926 
徐 309 
诈 1288 
衡 278 1305 1348 
柔 4379 5419 
筹 451 452 1729 1730 
循 328 5161 
徒 1311 2951 
探 1385 1491 2030 2031 3905 
绘 4480 4560 4648 5636 
都 326 1448 1449 1700 
囊 282 1662 
诸 290 291 759 760 1187 2357 2379 3464 4174 4754 
卧 603 
志 293 2372 2574 2593 2748 3210 
唯 1856 2284 5642 
特 82 258 652 653 654 704 2120 2202 2361 2490 2529 3130 3316 3891 4117 4230 4231 4339 4869 4870 4921 5082 5083 5103 5104 5117 5251 5362 5365 5366 
谓 91 1463 5527 
遵 327 5161 
北 14 15 2088 2089 2090 
师 3153 3154 
标 50 113 3058 3059 3198 3210 4368 
两 304 527 1617 1774 1775 3444 3445 4165 4171 4969 
启 2693 3150 3152 4338 
敌 420 550 2435 
始 496 1440 3529 3530 4258 4725 
擦 3911 3912 
挚 870 
敏 1180 
其 314 514 909 1018 1028 1048 1130 1150 1151 1580 1771 1780 3346 3347 3348 3957 4074 4237 4442 4618 4734 4850 4879 5309 5382 5383 5483 
h 4016 
再 957 1432 3524 4108 4109 4816 5487 
芝 2221 
泽 2429 2452 5097 
］ 318 
勇 905 1283 1586 1593 1594 
透 910 2912 4001 4002 4972 
露 910 3663 4419 
哪 919 2632 4493 
渐 59 2017 4903 
实 70 581 622 659 660 942 1046 1150 1151 1355 1486 1577 1671 1806 1835 2162 2516 3126 3127 3523 3603 3639 3815 3862 3955 3965 3980 4067 4105 4271 4589 4866 5321 5322 5323 5338 5472 
何 230 1024 1459 2541 4040 4337 4347 4831 5385 
倚 1667 
真 659 660 1160 1161 3043 3931 4097 4967 5318 5688 
记 922 2057 3811 3812 4936 
汲 1524 1525 
灵 2283 2303 3776 4334 
载 922 1081 1795 1984 3436 
笋 1572 
恶 1509 
弧 4161 
吴 923 996 
旋 2732 2733 
没 586 2254 4986 4987 
虽 925 1933 1946 3609 
郡 926 
条 2141 2685 4727 
职 929 2861 3848 3849 
幅 4662 4845 5414 5423 5438 
投 931 967 2301 
域 72 3048 
底 1260 4196 4586 4779 5123 5124 5132 5517 5541 
晶 767 
味 2205 2206 2261 2377 2655 2837 2841 4243 4270 4570 4764 4976 4977 5296 5340 5453 5575 5576 
奔 931 
扣 933 935 936 2153 
饶 4269 4270 5575 
管 937 2864 3426 3427 3432 4529 4530 5030 5031 
潭 3799 
居 1495 3096 4052 5563 
舱 3024 3025 
滴 5592 
驱 953 2410 
斥 136 
截 955 1243 5215 
拗 1790 
慎 958 959 1065 1725 5687 
混 988 3411 3869 3870 3962 
室 4210 4211 4218 
玄 2037 
麾 968 
则 117 332 809 948 1290 1577 1585 1587 
费 974 975 3525 3676 3837 3838 5519 5520 
竟 976 1106 3691 3692 4502 5679 
城 473 1094 4492 
隽 2889 
罢 979 3555 
诡 1288 1938 4716 4717 
劝 1640 1737 1834 1989 2420 
惊 980 981 5358 5376 5511 
网 196 3309 3310 3311 3825 3935 
乏 984 2014 2930 5245 5453 
含 988 2375 3140 3411 3888 4057 4431 4856 5004 
卷 515 
曰 1455 
姐 4141 
南 1547 1548 3199 
瀛 2103 
昆 3971 
过 73 373 853 1146 1147 1158 1213 1645 1828 2170 2521 2661 2662 2698 3333 3694 4098 4309 4597 4598 4600 5080 5159 5253 5302 5503 5681 
难 990 1418 1774 1775 2563 3039 3646 4078 4079 4157 5100 5665 
普 2534 3679 3961 4746 4747 4784 4785 
光 995 1270 2020 2172 2830 4370 4472 5063 5134 5154 5671 5680 
肃 998 1316 1453 
例 464 2008 2708 3791 3828 4029 4190 4238 4993 4994 5066 5067 
别 1005 1184 1433 1434 2120 2743 2744 3297 3442 3889 4173 4275 4450 5251 5267 
任 1007 1605 1613 2092 2093 4040 4094 4534 5560 
友 1022 
州 1741 
承 1026 3507 
轻 1030 1109 1110 1300 2178 2822 3414 3779 3895 3896 3897 4414 5419 
验 1167 3453 3859 3860 4295 
旅 1038 2621 4633 
严 1316 3042 3256 3257 3352 4403 
初 1044 1277 3509 3510 
川 1045 1705 1758 2083 
觉 1402 2155 2789 3151 3865 4240 4241 4460 4567 4568 4569 4570 4867 4915 4916 4920 4974 5335 5605 
较 1047 2688 3458 
策 1460 1545 1859 3631 
映 1054 2010 2605 5101 
魂 2289 3776 
碍 1375 3884 5378 5379 5380 
常 1059 1362 1673 3272 3273 3274 3300 3301 3472 3548 4072 4126 5395 
对 151 169 335 550 1051 1550 1978 2009 2264 2345 2697 3369 3892 3920 3922 4191 4862 5288 5610 5635 5686 
机 1062 1286 1523 1686 1687 1709 2532 3266 3305 3306 3307 3308 3349 4813 4848 
嫌 1384 
河 2074 4391 
谨 1065 
压 2004 3024 3025 5294 
益 1071 1072 1741 2400 2401 3217 3481 3482 3483 
界 370 2341 2380 2835 2956 3180 3516 3661 3669 3968 5185 
盾 1415 
穗 5122 
煌 1075 
誉 3379 3918 
缘 651 
单 381 1254 1255 1268 2408 4200 5010 5085 5086 5148 5475 
群 1962 2198 2530 2650 3396 4381 
魅 2286 4375 
质 495 1222 1276 1539 1921 2490 3013 3410 3448 3503 3639 4254 4260 
撞 445 
个 64 65 466 527 546 640 667 804 1149 1186 2129 2133 2538 2539 2849 3247 3252 3253 4071 4387 4610 4997 5056 5626 
功 927 1487 1526 1561 1581 1659 1699 1708 1787 1788 1791 1895 1986 1987 1997 2007 2110 2486 2493 2494 3136 3137 
壮 1082 1112 2463 2728 4366 
牲 1083 
矜 5559 
沙 1084 3640 3641 4553 
冷 1087 3184 
悠 1512 
率 1092 1093 
× 5464 
流 1095 1287 2331 2332 2770 2771 2772 3244 3393 3751 3753 3754 4048 4391 4419 4750 
清 1404 1832 2810 2970 3411 3887 3964 
十 1099 1100 1101 1102 1124 2133 2446 2537 2538 2539 3120 3121 3123 3124 3125 4264 4504 4505 4702 
够 1107 1190 1842 3023 4453 
途 3939 
空 1122 1123 1242 3101 3102 3542 4132 4133 4134 4539 4828 4909 5136 5543 5627 5628 5673 5674 
右 1651 1652 1653 4222 4685 4686 4700 
毒 2852 
广 1125 3400 3574 4789 4929 
祥 2082 
剪 1131 
裁 1131 5442 5443 
曼 4300 4302 5117 5430 
修 1421 1422 1616 2678 4223 5039 
H 4658 
饰 1133 4223 
会 203 593 887 888 889 1709 1847 2241 2242 2584 2586 3061 3062 3470 3724 3725 3824 4147 4148 4486 4942 4955 5022 
倾 1134 1678 4392 
触 3339 4293 4569 5372 
夫 1135 1136 2448 4739 4740 4741 4742 4889 
· 1137 
恩 1138 1893 2567 2568 2913 2914 4008 
符 1150 1224 3771 
认 1160 1357 1969 1970 1981 2970 3507 3579 4189 4252 4558 4623 4907 4998 
注 1162 2032 2135 3506 4003 5088 5231 5661 
扰 4430 
偶 1166 1817 2981 3621 4179 4180 
贪 404 1791 
神 510 669 670 2246 2353 2997 3221 3928 3940 3952 3953 4389 4437 4461 4483 4491 
爱 1169 2267 2268 2421 2875 2876 2879 2880 2881 2975 3002 3003 3004 3033 3034 3486 3705 4455 4696 4697 
掩 1173 3956 
掉 2417 3382 3383 4184 4449 4639 4652 
盖 1173 1752 5619 
迎 2239 2240 2838 
数 2611 2612 2613 3604 3997 3998 4088 4090 4091 
期 27 668 2485 2502 2535 2592 3378 3813 4276 4294 4949 4951 5256 
挺 1199 
吸 1200 
照 396 397 400 942 1338 2009 4035 4624 4820 5063 
造 1215 1760 3238 3780 3781 4255 4259 4383 4516 4517 
休 2508 2572 3259 3260 
服 1216 2562 4583 
春 2099 4370 
i 4013 
颇 1218 1546 3985 5519 
糊 275 
太 1223 1607 2559 2560 2661 3101 3102 3225 3226 3235 4597 5208 5355 
孱 1346 
激 1766 1977 2552 2553 2972 2992 
游 1232 2621 3021 3538 3567 4249 4250 4768 5349 
规 144 1203 3412 3438 4901 
且 79 286 563 1073 
离 1232 1267 2294 2742 2743 3452 3948 4852 5617 
果 941 1066 1067 1631 3792 5605 
契 1719 5545 
饥 2257 
阐 1249 
万 1264 2328 2329 2469 2821 3356 
描 1269 3949 4521 5636 
归 547 970 1344 3271 4292 
纷 1278 1575 
突 1279 1280 1285 3162 
璃 5107 5108 
阵 4619 
女 2716 2739 4437 
飞 1281 4672 4679 4680 
借 1284 1328 1629 2487 3326 4775 
冲 1285 4886 
彻 4196 
私 1293 1680 4034 4771 
现 78 256 351 352 699 700 1129 1148 1156 1280 1486 1540 1541 1671 1794 1904 2516 2859 3108 3109 3345 3467 3815 3858 3932 4159 4865 5059 5095 5398 5487 5635 5689 
姓 1298 2174 
叛 1299 3634 
录 3395 4331 
聊 1304 
喝 2737 3357 
更 188 427 1410 1814 3241 4041 
仿 1306 5000 
鼓 1366 1367 2457 2991 
佛 1306 
u 4023 
降 547 3786 
哂 1313 
鄙 1314 4577 
祭 5068 
谬 1315 
仙 4446 4484 
构 141 195 697 2532 3142 3989 3990 4383 4973 
响 1717 2829 
续 719 720 4834 4835 4883 4884 
病 2451 3702 
态 1317 1610 1657 3141 3160 3161 5564 
搬 1799 
等 111 325 2224 3219 3518 4113 4114 4185 4347 
子 1319 1326 1520 1521 1573 2441 2576 2577 2580 2708 2779 2788 2931 3066 3067 3236 3237 3287 3288 3556 4587 4609 4611 5195 5286 5541 
尚 2035 4452 5307 
危 1060 3038 
颂 1322 
四 1297 1473 1780 2276 3118 3120 3121 3123 3124 5170 5471 
牧 1329 3263 
王 1341 3063 3064 3066 
球 2624 2625 3063 3093 3094 3097 5284 
增 1132 1951 2161 2295 
终 1344 1547 1548 1902 2824 3408 3586 4725 
侈 3745 
屡 1351 3380 3381 3413 
击 1352 1353 2434 4061 4620 
臣 939 1234 1718 1846 4583 
怕 1361 4170 4493 
山 1363 1392 2775 3717 
朱 2036 2573 
消 1371 2109 2436 2439 2479 3629 3837 3838 4854 4855 4981 5370 5544 
障 1375 
涌 3041 
暗 1377 5091 5131 5198 
免 1381 4080 4601 
几 1387 2308 2475 4076 4077 5414 5623 
蚀 3629 
忠 516 588 949 1695 1806 1875 
迥 1394 
焦 1396 
耐 1397 4976 
黄 1695 2054 2074 2467 2895 2957 
藏 1413 3569 3618 4142 4209 4210 4212 4213 4772 5413 
谁 1401 
顾 1405 1406 1534 1535 2418 5536 
体 281 329 330 350 351 1167 1217 1378 1379 1795 1853 1961 1962 1985 2028 2248 2249 2313 2314 2459 3036 3037 3056 3057 3065 3086 3649 3680 3705 3737 3766 4102 4103 4217 4247 4382 4486 5022 5472 5634 
茅 1406 1407 
防 3257 3258 
庐 1406 1407 
礼 1408 2751 2752 
隐 1413 1495 1543 1811 4856 4937 
忆 4936 
摆 1321 3089 4038 4100 
妥 1420 
筛 2816 
憬 1426 
替 1442 1822 5234 
赚 2680 
江 1443 1467 1468 2764 
松 2178 2450 5528 
廓 1128 5647 
督 1449 
县 1091 
1 6 
荐 1451 1618 
破 1457 4082 
船 1472 3021 3029 
钉 1477 
悦 2298 
逊 4266 5218 
跳 3797 
6 32 
⑩ 1481 
积 1484 4766 
蒋 1492 
勃 3312 3313 3314 
送 1494 
窥 1497 
挂 1499 
剑 1500 3255 
堕 2896 
灯 1501 3392 4152 4153 
忌 618 1534 1535 3280 
前 1502 1684 1803 2175 2389 2390 2599 2979 3508 4032 4037 4296 4297 4425 4525 4933 5199 
哉 1511 1512 
守 1522 1711 
西 1045 1189 1350 3172 3173 3174 3175 3176 3490 4005 
犹 1542 3225 3226 
冥 4898 4899 4900 
分 34 267 437 1124 1387 1591 1592 1666 1967 2446 2661 2662 3119 3122 3134 3236 3237 3452 3662 3722 3723 4799 5267 5382 5444 5570 
捷 1548 1549 
候 2933 3243 3416 4081 
短 1556 2382 
明 85 109 456 457 501 502 541 584 760 761 1055 1056 1068 1069 1116 1388 1744 1857 1858 1912 1920 2072 2095 2349 2353 2354 2488 2489 2794 2810 3303 3933 4086 4118 4119 4608 4678 4806 4844 5091 5187 5348 
垫 1569 
剥 1571 
呈 1575 1794 
改 884 1215 2118 2119 3377 3658 3660 4837 4877 4995 5303 
利 609 1487 1590 1848 1849 1850 1987 1988 2971 3136 3137 3588 3589 3748 3749 4413 4788 5064 
致 280 477 999 3664 3665 3742 4640 4641 4642 5175 5512 
翼 1602 1603 
信 1605 1666 1994 2453 2454 2823 3081 3082 3306 3308 3309 3310 3583 3584 5348 
只 650 686 1193 1257 1498 1950 2996 5062 5386 5387 
施 481 4709 
慢 1609 3414 5047 
拿 1622 3401 4377 5562 
凭 1629 5010 5499 5673 
耒 1636 
告 1640 4632 
屈 1641 
打 706 933 934 935 2434 2542 2579 2883 2884 3291 4281 4335 
毓 2038 
傻 2644 
回 1644 2829 2932 3271 3409 3835 4224 4706 
左 1651 1652 3597 4220 4675 
岂 555 
操 478 766 820 3065 5685 
饮 1782 3693 
忽 1656 5534 
朵 2497 
待 171 2264 2352 4910 4911 4949 
知 1658 2203 2204 3335 3336 3406 3489 3652 3654 3839 4526 4623 4803 4920 4954 
铜 4823 5151 5152 5153 
闷 2440 2476 5265 
级 1661 2840 2841 3168 3169 3509 3510 
赵 1691 
贬 1675 
将 245 997 1439 1869 
树 825 826 827 
扩 1712 2616 4456 4781 
抑 1675 5526 
袁 1676 
论 322 323 898 1940 2100 2101 2388 2395 2721 2722 2868 3007 3494 3496 3520 3594 3841 3882 4006 4182 4183 4246 4340 4717 4718 4751 5013 
绍 1676 
庶 310 1380 
部 1677 1906 2405 2406 2407 3031 3722 3723 3938 4454 4596 4622 4894 4895 
轧 1678 
市 2125 2126 2665 2853 2854 2855 3650 
违 1682 
荧 3327 
延 1694 1862 
威 4818 4819 5328 
纸 2200 3318 3827 
洗 5682 
赞 1701 
首 1706 2519 4720 5560 
默 1719 2550 3915 3916 3917 4189 4554 4979 
诵 1503 1515 
辅 1720 
佐 1720 3422 
缓 1723 5046 
拍 717 3806 
迫 1724 2277 3277 3278 3804 3805 
配 1727 2711 2717 3421 3711 3712 
革 2118 2119 2609 3085 
末 2220 3077 3079 3248 
典 1909 2023 2478 2707 2819 
劣 1736 
受 1026 1604 1639 2232 2233 2238 2239 3054 3055 3362 3975 4080 4350 4429 4447 5683 5684 
昭 1738 
胆 1742 
弟 1745 2788 
为 123 183 344 347 761 773 872 903 1172 1303 1357 1814 2512 2514 2515 2601 2602 2660 2688 2727 2778 2977 3011 3159 3645 3759 3765 3918 3985 3993 3994 3997 3998 4028 4033 4051 4072 4180 4337 4533 4996 5448 5499 
议 1747 2346 2586 3204 4340 
门 1753 1754 2309 2620 2636 3844 
刺 1755 2552 2553 
保 110 1688 4043 4092 4884 
逆 1759 3633 4918 4919 
业 1761 1895 1997 1998 2943 2944 2945 2946 3261 3262 3478 3479 3587 3588 3991 4053 
仅 2019 3473 3474 3630 5386 5387 
斗 3169 3170 
暂 1762 1763 
顿 1765 5360 
越 615 2139 2140 2307 2524 2833 5581 5582 5583 
冒 1777 
兵 1465 1505 1516 
箭 1783 
躁 1792 
蓉 3774 3775 
幸 1793 4272 
摹 4480 4765 
银 1800 1801 5178 
R 5084 
兜 1382 
幕 1800 1801 
骋 1588 
考 3072 4946 5111 
掘 1810 
é 4757 
晦 1811 
换 1820 3872 4070 4261 
e 4019 
座 2583 2584 4025 4489 
潜 1839 4937 4941 
忧 1840 
音 2187 2188 3320 
云 441 442 1691 2468 4173 
僚 1846 
厅 2628 4208 
伸 1862 4615 
比 375 488 612 2249 2250 2522 3458 3966 3981 4045 4106 4107 4474 4735 5028 5288 5361 5362 5363 5364 
悔 1864 
剖 1867 3950 
省 1868 5516 
倡 2910 3552 
孝 517 
逼 2660 4967 
供 125 678 2615 
眼 1876 1957 2830 3099 3744 3808 3912 3913 4606 4607 4779 5142 5143 5317 
藉 2935 
抚 1882 4380 
卡 5273 5458 
。 100 
呀 1886 
势 279 694 1345 3883 5060 5558 
恋 1894 
夕 1897 
泪 3808 
恼 1898 4938 
— 2113 
办 2285 3459 
既 782 1917 2315 3114 
祖 2974 3003 3004 
贵 1911 3827 
源 1578 3674 3902 5518 
圣 1912 2966 4470 4491 
妨 1927 
齐 783 953 1422 1423 3455 3456 
矮 1932 
谲 1935 
豪 1282 2888 
远 1941 1942 1943 3254 3937 4062 4411 4924 4925 5191 5522 5658 
九 2331 2332 2473 4264 4265 
扭 3113 
裸 1992 1993 
该 2011 5293 
靠 2281 4545 4674 5389 5494 
零 2013 2160 
手 218 264 482 960 1358 1652 1653 1874 2268 2269 2942 2943 2944 4527 4528 4614 5057 5126 5349 5350 
忱 2039 
七 4702 4703 4704 5548 
雄 1482 1596 3240 
编 2040 2042 2043 2093 2094 2639 3377 
次 399 1351 1429 1696 1697 1804 3788 3789 3802 5165 5309 
１ 2049 
９ 2050 
耆 2056 
华 2060 2061 2820 4373 4697 4698 5359 5360 5412 5420 
７ 2063 
检 3453 
丁 2065 
带 3471 4166 4896 5129 5193 5447 
宁 2065 3367 5639 
瑞 2082 
除 894 1163 1474 2153 2525 5248 5249 5532 
陶 2066 2304 
仪 2069 3052 3053 4354 
卒 1097 
禁 2901 4312 4313 4314 4315 
宫 2958 4143 4358 
爆 5602 5603 
陈 2078 4030 
言 571 572 729 730 1362 1866 1907 2012 2748 3512 3550 3551 3843 3872 4086 4244 4245 4459 4602 4603 4910 5237 
曦 2079 
教 821 822 1476 2282 2330 2331 2419 2432 2556 2557 2781 3214 3215 3216 3437 3657 3659 3796 3849 3850 5017 5105 5112 5449 5450 
钟 2080 
8 2097 
0 31 
码 2536 
景 847 857 3317 4307 5199 5325 5637 
６ 2086 
４ 2087 
讳 3550 3551 
定 88 178 449 461 510 661 662 2337 2338 2350 2392 2729 2796 2909 3049 3069 3070 3071 3438 3891 4250 4251 4729 5072 5495 5594 5595 5667 
京 2088 2089 2090 3840 
嚼 2495 
宋 2081 2706 2709 2797 
鸣 2098 5189 
异 463 620 1394 1395 2898 3874 3986 4970 4971 5232 5525 
杜 2102 
/ 2104 
庆 2105 
淫 2757 
闻 3810 3811 
炳 2105 
栩 802 803 
贺 2106 2396 
狭 5445 
寓 2419 
拉 786 2396 2397 3232 3947 4669 4711 4712 4713 4784 4785 4786 5219 5220 
栏 2112 
玉 2083 
济 2123 2124 2126 
惹 2134 
D 4464 
睡 2155 
虎 1365 
暇 2146 2540 
务 2156 2157 2562 3534 3982 4534 
效 2159 3454 3792 5605 
坊 2781 2947 3095 
呕 2857 2858 
紧 2176 5163 5554 5555 5556 
加 153 691 1410 1612 1674 1951 2180 3420 3637 3638 5235 5343 5457 5467 5675 
参 2180 4683 4787 5111 
耗 1371 
月 2581 2741 
反 251 255 400 560 1054 1157 1237 1299 1307 1308 1370 1868 3171 3172 3173 3755 3781 4050 4181 4875 5542 
派 2190 5079 5429 
适 2196 2275 2649 3008 5216 5217 
道 356 365 591 592 916 1135 1136 1220 1419 1733 1928 2473 2563 2566 2734 2969 3436 3489 4119 4281 4282 4317 5119 5455 5456 
副 2201 2213 
趣 2205 2206 2413 2654 2841 3545 3573 4270 
唱 2713 2738 
综 2216 2217 
园 2223 2941 2997 2998 5330 
粹 387 
赏 2319 2547 3250 3279 3446 
娼 2660 
钢 5029 
绪 1767 2743 2744 
占 3106 3147 3230 4286 
千 2327 2328 2768 2821 3433 3434 
八 2227 2228 2229 4264 4265 5056 
半 2229 2231 3906 5596 
奢 3745 4880 
枪 3255 
青 2233 2234 2415 2873 2874 4823 5183 5184 5206 
睐 2233 2234 
育 2248 2249 2432 2433 3057 3657 3705 
赛 2249 2250 2625 2626 3044 3057 3059 
汪 3715 
渴 2257 4435 
蕴 1246 1260 1390 3618 
你 2270 
拳 3064 
达 147 507 1838 3497 3915 3916 4631 
买 2273 4635 
享 2758 4447 5570 
诗 2398 2456 2483 2745 2776 2778 2797 2886 
已 1821 1914 2292 2818 3921 4053 4062 4188 4719 
勾 2289 
闲 510 511 2109 2143 2146 3576 4113 4114 
魄 2291 
饭 2526 2527 2528 
忍 2293 2444 
８ 2051 
审 2297 4956 
排 894 2546 
淀 2699 
愉 2298 
冶 2304 
升 2305 4423 4424 4792 
福 5276 
喜 1300 1301 1356 1608 2266 2421 3582 3583 
予 2323 2667 
负 2324 2594 2595 3014 4805 
户 2328 2329 
凯 5654 
妇 2333 5146 
妙 301 1240 1336 4074 4306 4637 
男 2334 4376 4611 
坛 5068 
稳 2337 2689 
估 2363 
继 4883 
思 435 436 562 1527 3072 3295 3417 3492 3493 3755 3875 3941 3942 3946 3995 4592 5291 5292 5520 5521 
玩 2364 2368 2369 2370 2736 
夷 4591 
卜 2872 2873 
掌 2373 
斯 2396 2397 2679 2914 2915 3172 3173 3175 3176 3807 4117 4463 4693 4694 4739 4741 4742 5240 5241 5326 5497 5587 5588 5590 
梦 1400 2814 3695 
装 2404 2405 2406 3338 4371 
抓 2288 3443 
舞 2411 2784 2991 3537 4253 4585 
头 2417 3087 3698 4596 4682 5147 5302 5336 
肖 4138 4964 
帝 2424 2425 4226 4320 
肆 2842 2843 
灭 2436 4049 
器 2437 3266 3560 3907 5033 5403 
励 2457 2992 2993 
愁 2439 2476 2480 2742 2743 
奥 5615 
苦 2445 2926 5282 
丈 2448 
际 1647 1648 3126 3127 4541 4543 5321 5323 
李 2455 
岸 2442 
她 2458 
畸 3670 3671 
波 2472 3207 4359 4360 5562 5597 
雪 2474 2741 2812 
阅 2482 5607 
齿 2491 
渲 854 3772 
产 1976 2663 3647 3648 3767 3768 
咀 2495 
肉 2496 
孤 3392 
譬 1819 
星 2095 2535 3103 3329 3330 3331 3353 
殊 2529 5233 
丰 622 1245 3590 3624 4362 
查 2531 
洋 5172 5173 
欣 2547 
开 115 116 796 1440 1968 2119 3297 3908 3943 3947 4059 4335 4338 5336 5451 5573 5617 
训 2557 2558 4547 4548 
辈 2575 2576 2577 
猛 4620 
走 271 484 743 917 1140 2668 5034 
仗 2578 2579 
片 2580 2585 2881 2882 2884 3598 3599 3713 3717 3718 3778 3798 4153 4624 5348 5668 
路 592 2668 2669 2686 3562 3995 4494 4495 5589 5590 
院 2590 2591 
盈 2595 2596 2641 4362 
蕞 4110 
遍 2612 2613 3679 
逛 2617 
引 1179 1200 1573 1769 2287 2409 3148 3843 4003 4563 5001 5002 5011 5214 5223 5600 5601 
廊 2618 
勒 4116 5120 
r 4014 
店 2619 
蒂 5240 5241 
甲 2622 
A 2623 
琳 4476 
官 924 979 1582 1583 3560 3628 
迪 2627 
草 2631 2675 3714 5206 
搞 2652 
英 1482 1596 2442 3240 3969 5618 
滋 2655 5529 
拓 4802 
逸 843 
矢 1095 4397 
良 2660 3757 3839 
跑 2673 
楼 2719 2813 2814 2954 
茶 2720 
巴 3202 4229 4230 5269 5562 
义 139 164 730 731 912 913 1283 1893 1928 2169 2752 2846 2849 3017 3034 3037 3136 3137 3138 3213 3215 3228 3493 3494 3495 3499 3592 3602 3749 3815 3860 3888 3990 4027 4202 4817 4929 5388 5651 5652 
许 126 2108 4917 5500 5501 
馆 2720 4011 4063 4145 4664 5413 
庄 2723 4403 
硬 2725 
资 1919 2041 2042 3498 3499 3674 4738 
薄 2735 5297 5475 
技 2735 3614 5057 
目 642 643 680 681 758 2135 2136 3508 4003 5143 
讽 2753 3973 
包 666 1389 3338 4057 4393 
3 8 
艳 2755 
择 498 523 798 
科 2756 3807 3845 5449 5450 
苏 2762 3814 
本 564 679 680 944 945 1025 1539 1703 1975 1995 1996 1999 2490 2492 2493 2494 2786 2787 3076 3077 3315 3385 3448 3498 3499 3500 3902 3958 3959 4239 4279 4291 4296 4488 4806 5005 5006 5007 5318 5451 
轼 2762 
丢 2790 
骄 2804 2959 
拜 2845 2846 4657 
悖 2868 4068 4069 
设 568 1379 2355 2356 3847 4038 4729 
菜 2873 2874 
落 2896 2906 2907 2908 4131 4349 
附 647 1015 1016 4203 
坏 2902 4082 4319 
康 2911 3485 5326 
书 298 745 999 1273 1505 1616 1837 2061 2062 2683 2684 2921 3384 3726 4209 4210 4211 5450 5460 5608 5609 
农 2924 3261 3262 3925 5146 
艰 2926 
疲 2930 2948 2949 
限 1668 1669 1670 3328 3710 3929 3930 4378 5185 
慰 2935 
贴 673 4000 
忘 2936 4449 4501 
累 2937 3787 4766 
馥 2940 
郁 2940 
寒 2952 
提 62 125 1325 2244 2245 2305 2365 2374 2518 2827 2910 3521 3987 3988 4296 4297 4980 5023 5212 
孙 1342 1504 
顶 2954 
唤 2973 3223 
彰 1071 
热 3002 3003 3181 3974 4386 5275 5278 5287 
按 3015 4820 
脱 656 1267 3089 3270 5437 
专 2112 2636 3656 3848 
航 3026 
据 703 752 1713 2147 
摇 3027 
晃 3028 
翻 3029 3554 
脚 960 
奖 3051 3052 4343 
经 468 776 1212 1213 1914 2123 2124 2126 2798 2966 3592 3858 3859 3860 5070 
皇 3067 3068 3533 3593 
铁 3069 
纪 3076 3077 3078 3079 3145 4705 
案 3087 3384 
庭 3088 
村 3094 
歌 1322 2712 2713 2715 2716 2738 2886 3263 3330 4508 
卫 3103 
拨 3112 3610 
郊 3567 
诞 3128 
t 4688 
穷 3135 5300 5301 
练 4547 4548 
读 292 1515 2207 2208 2256 2839 3098 3369 4535 4573 5485 5607 5608 
欲 1176 1464 5578 
偿 3146 
蒙 3150 4350 5196 5246 
频 3164 4562 
伏 1333 
织 3177 4958 
削 3188 4947 
畴 1913 
穿 3192 3193 4001 4002 
淡 209 210 1813 1949 5138 5139 5167 5168 5440 
黑 3207 4327 4328 4985 5089 5092 
